[gd_scene format=3 uid="uid://c8liybxhqrhwr"]

[ext_resource type="PackedScene" uid="uid://b2yxpytggb8ro" path="res://map/modular-cave-final.glb" id="1_wb7j6"]
[ext_resource type="Script" uid="uid://c15wkn1ddol15" path="res://Network/scripts/areaSounds/MapArea.gd" id="2_ieofv"]
[ext_resource type="PackedScene" uid="uid://dnk8iwck0vfdf" path="res://assets/wasser.tscn" id="3_xqtg2"]
[ext_resource type="PackedScene" uid="uid://drhm8uhvkuffw" path="res://assets/fountain_3d_model_free-edited/fountain-small.tscn" id="4_e062h"]
[ext_resource type="PackedScene" uid="uid://defweiiwbw4mq" path="res://assets/stick01.tscn" id="5_pe7kj"]
[ext_resource type="PackedScene" uid="uid://btee5hd22blia" path="res://assets/stick02.tscn" id="6_cns11"]
[ext_resource type="PackedScene" uid="uid://dgxfwymoqv4kr" path="res://assets/fountain_3d_model_free-edited/fountain-without-wall.tscn" id="6_hmamp"]
[ext_resource type="PackedScene" uid="uid://dlwaiouyjgvki" path="res://assets/stick03.tscn" id="7_dsb58"]
[ext_resource type="PackedScene" uid="uid://c6pb4jl5gv7js" path="res://assets/stick04.tscn" id="8_noxxg"]
[ext_resource type="PackedScene" uid="uid://bglyqt7xe8ubo" path="res://assets/stick05.tscn" id="9_p25gm"]
[ext_resource type="PackedScene" uid="uid://nd8n5cvv6shg" path="res://assets/camp_fire/campfire.tscn" id="9_pe7kj"]
[ext_resource type="PackedScene" uid="uid://dg50fnoof8bji" path="res://assets/jukebox/jukebox.tscn" id="10_cns11"]
[ext_resource type="PackedScene" uid="uid://c3gtgeyoud3ad" path="res://assets/stick06.tscn" id="10_lw7er"]
[ext_resource type="PackedScene" uid="uid://62l58j2attqx" path="res://assets/water_fountain/fountain-old.tscn" id="11_fountain"]

[sub_resource type="BoxShape3D" id="BoxShape3D_water"]
size = Vector3(29.735, 20.005, 13.305)

[sub_resource type="CylinderShape3D" id="CylinderShape3D_xqtg2"]
height = 11.091
radius = 5.1

[sub_resource type="BoxShape3D" id="BoxShape3D_bra6q"]
size = Vector3(4.8239136, 11.721558, 2.2120972)

[sub_resource type="BoxShape3D" id="BoxShape3D_tj3bm"]
size = Vector3(3.2663574, 10.380432, 4.004486)

[sub_resource type="BoxShape3D" id="BoxShape3D_r6vd7"]
size = Vector3(4.682968, 4.4069824, 2.102417)

[sub_resource type="BoxShape3D" id="BoxShape3D_qrdw5"]
size = Vector3(6.368637, 5.3171387, 1.2990723)

[sub_resource type="BoxShape3D" id="BoxShape3D_clsdl"]
size = Vector3(7.217102, 6.0510254, 5.548828)

[sub_resource type="BoxShape3D" id="BoxShape3D_o6c5f"]
size = Vector3(16.045, 20, 12.39)

[sub_resource type="CapsuleShape3D" id="CapsuleShape3D_bra6q"]
radius = 2.7182617
height = 9.364437

[sub_resource type="BoxShape3D" id="BoxShape3D_g8gtg"]
size = Vector3(0.8786316, 3.1430664, 2.9934082)

[sub_resource type="CylinderShape3D" id="CylinderShape3D_0an4t"]
height = 11.255461
radius = 1.4487305

[sub_resource type="BoxShape3D" id="BoxShape3D_gravel"]
size = Vector3(34.045, 20, 27.48)

[sub_resource type="BoxShape3D" id="BoxShape3D_uflyk"]
size = Vector3(13.66, 20, 27.15)

[sub_resource type="BoxShape3D" id="BoxShape3D_wood"]
size = Vector3(14.98, 20, 27.745)

[sub_resource type="BoxShape3D" id="BoxShape3D_ieofv"]
size = Vector3(40.425, 20, 16.84)

[sub_resource type="BoxShape3D" id="BoxShape3D_c7dxg"]
size = Vector3(15.395, 20, 26.46)

[sub_resource type="BoxShape3D" id="BoxShape3D_oyyej"]
size = Vector3(10.915, 20, 16.025)

[sub_resource type="BoxShape3D" id="BoxShape3D_sand"]
size = Vector3(51.705, 20, 33.24)

[sub_resource type="BoxShape3D" id="BoxShape3D_g0rns"]
size = Vector3(13.46, 20, 23.55)

[node name="Node3D" type="Node3D" unique_id=1910157186]

[node name="OmniLight3D" type="OmniLight3D" parent="." unique_id=783082715]
transform = Transform3D(1, 0, 0, 0, 1, 0, 0, 0, 1, -65.30751, 0, -87.19774)
shadow_enabled = true

[node name="SpotLight3D" type="SpotLight3D" parent="." unique_id=1911869399]
transform = Transform3D(0.7195459, 0, -0.69444495, 0, 1, 0, 0.69444495, 0, 0.7195459, -65.30751, 0, -87.19774)
shadow_enabled = true
shadow_normal_bias = 0.0

[node name="modular-cave-final" parent="." unique_id=1501415670 instance=ExtResource("1_wb7j6")]
transform = Transform3D(1, 0, 0, 0, 1, 0, 0, 0, 1, -65.30751, 0, -87.19774)

[node name="RegionWater" type="Area3D" parent="modular-cave-final" unique_id=841867832]
transform = Transform3D(1, 0, 0, 0, 1, 0, 0, 0, 1, 51.71, 0, 77.972)

[node name="CollisionShape3D" type="CollisionShape3D" parent="modular-cave-final/RegionWater" unique_id=646101131]
transform = Transform3D(1, 0, 0, 0, 1, 0, 0, 0, 1, 0.28782654, 0, 0.95936584)
shape = SubResource("BoxShape3D_water")
debug_color = Color(0, 0.5485544, 0.93054354, 0.41960785)
debug_fill = false

[node name="Puddle3" type="Area3D" parent="modular-cave-final/RegionWater" unique_id=938093041]
transform = Transform3D(1, 0, 0, 0, 1, 0, 0, 0, 1, 4.6832733, 2.81, 0.90505886)
script = ExtResource("2_ieofv")
surface_type = 2

[node name="CollisionShape3D" type="CollisionShape3D" parent="modular-cave-final/RegionWater/Puddle3" unique_id=1400977402]
transform = Transform3D(1, 0, 0, 0, 1, 0, 0, 0, 1, 0.98141, -0.13259768, 1.5340161)
shape = SubResource("CylinderShape3D_xqtg2")
debug_color = Color(0, 0.6, 0.69803923, 1)
debug_fill = false

[node name="CollisionShape3D2" type="CollisionShape3D" parent="modular-cave-final/RegionWater/Puddle3" unique_id=1971820354]
transform = Transform3D(0.96814764, 0, -0.25038, 0, 1, 0, 0.25038, 0, 0.96814764, -3.7710218, -0.6333618, -2.1798935)
shape = SubResource("BoxShape3D_bra6q")
debug_fill = false

[node name="CollisionShape3D3" type="CollisionShape3D" parent="modular-cave-final/RegionWater/Puddle3" unique_id=1344958015]
transform = Transform3D(0.92718387, 0, -0.37460658, 0, 1, 0, 0.37460658, 0, 0.92718387, -3.3146791, 1.7770953, 3.9926634)
shape = SubResource("BoxShape3D_tj3bm")
debug_fill = false

[node name="CollisionShape3D4" type="CollisionShape3D" parent="modular-cave-final/RegionWater/Puddle3" unique_id=1224770142]
transform = Transform3D(0.9335804, 0, -0.35836795, 0, 1, 0, 0.35836795, 0, 0.9335804, -7.2109833, -1.3318603, 4.138006)
shape = SubResource("BoxShape3D_r6vd7")
debug_fill = false

[node name="CollisionShape3D5" type="CollisionShape3D" parent="modular-cave-final/RegionWater/Puddle3" unique_id=1018093527]
transform = Transform3D(0.9953961, 0, -0.09584574, 0, 1, 0, 0.09584574, 0, 0.9953961, -11.100805, -1.8350029, 2.5946593)
shape = SubResource("BoxShape3D_qrdw5")
debug_fill = false

[node name="Wasser" parent="modular-cave-final/RegionWater" unique_id=754175342 instance=ExtResource("3_xqtg2")]
transform = Transform3D(12.07, 0, 0, 0, 4.625, 0, 0, 0, 4.775, 1.990058, -0.16570413, 1.8574042)

[node name="FountainSmall" parent="modular-cave-final/RegionWater" unique_id=1950807884 instance=ExtResource("4_e062h")]
transform = Transform3D(4.74, 0, 0, 0, 4.74, 0, 0, 0, 4.74, 3.901784, -0.7735059, 1.3249769)

[node name="RegionWater2" type="Area3D" parent="modular-cave-final" unique_id=1310415117]
transform = Transform3D(1, 0, 0, 0, 1, 0, 0, 0, 1, 50.652, 0, 90.292)

[node name="CollisionShape3D" type="CollisionShape3D" parent="modular-cave-final/RegionWater2" unique_id=1201752937]
transform = Transform3D(1, 0, 0, 0, 1, 0, 0, 0, 1, -0.3837433, 0, 2.494339)
shape = SubResource("BoxShape3D_water")
debug_color = Color(0, 0.5485544, 0.93054354, 0.41960785)
debug_fill = false

[node name="Puddle3" type="Area3D" parent="modular-cave-final/RegionWater2" unique_id=742013632]
transform = Transform3D(1, 0, 0, 0, 1, 0, 0, 0, 1, -6.7269726, 2.81, 3.7094235)
script = ExtResource("2_ieofv")
surface_type = 2

[node name="CollisionShape3D" type="CollisionShape3D" parent="modular-cave-final/RegionWater2/Puddle3" unique_id=462047277]
transform = Transform3D(1, 0, 0, 0, 1, 0, 0, 0, 1, -0.10621452, -2.3553002, 0.05934143)
shape = SubResource("BoxShape3D_clsdl")
debug_color = Color(0, 0.6, 0.69803923, 1)
debug_fill = false

[node name="Wasser2" parent="modular-cave-final/RegionWater2" unique_id=1843005992 instance=ExtResource("3_xqtg2")]
transform = Transform3D(12.07, 0, 0, 0, 4.625, 0, 0, 0, 4.775, -1.5966873, -0.4262656, 3.9224253)

[node name="FountainOld" parent="modular-cave-final/RegionWater2" unique_id=2008938621 instance=ExtResource("11_fountain")]
transform = Transform3D(0.175, 0, 0, 0, 0.175, 0, 0, 0, 0.175, -6.3754044, -0.7030166, 3.7814622)

[node name="RegionWater3" type="Area3D" parent="modular-cave-final" unique_id=1407337735]
transform = Transform3D(1, 0, 0, 0, 1, 0, 0, 0, 1, 135.171, 0, 77.383)

[node name="CollisionShape3D" type="CollisionShape3D" parent="modular-cave-final/RegionWater3" unique_id=1980692825]
transform = Transform3D(1, 0, 0, 0, 1, 0, 0, 0, 1, 0.28782654, 0, 0.95936584)
shape = SubResource("BoxShape3D_o6c5f")
debug_color = Color(0, 0.5485544, 0.93054354, 0.41960785)
debug_fill = false

[node name="Puddle1" type="Area3D" parent="modular-cave-final/RegionWater3" unique_id=1829762837]
transform = Transform3D(1, 0, 0, 0, 1, 0, 0, 0, 1, -2.8253632, 2.81, 1.2728729)
script = ExtResource("2_ieofv")
surface_type = 2

[node name="CollisionShape3D" type="CollisionShape3D" parent="modular-cave-final/RegionWater3/Puddle1" unique_id=756247878]
transform = Transform3D(0.121869326, 0.99254614, 0, 0.017322265, -0.0021269063, -0.9998477, -0.992395, 0.121850766, -0.017452352, 0.060958862, -2.684215, 0.013979912)
shape = SubResource("CapsuleShape3D_bra6q")
debug_color = Color(0, 0.6, 0.69803923, 1)
debug_fill = false

[node name="CollisionShape3D2" type="CollisionShape3D" parent="modular-cave-final/RegionWater3/Puddle1" unique_id=907418986]
transform = Transform3D(0.70710677, 0, 0.70710677, 0, 1, 0, -0.70710677, 0, 0.70710677, 5.1700745, -1.394706, 2.2441492)
shape = SubResource("BoxShape3D_g8gtg")
debug_fill = false

[node name="Puddle4" type="Area3D" parent="modular-cave-final/RegionWater3" unique_id=356469997]
transform = Transform3D(1, 0, 0, 0, 1, 0, 0, 0, 1, 6.099556, 2.81, -2.1211605)
script = ExtResource("2_ieofv")
surface_type = 2

[node name="CollisionShape3D" type="CollisionShape3D" parent="modular-cave-final/RegionWater3/Puddle4" unique_id=50235313]
transform = Transform3D(1, 0, 0, 0, 1, 0, 0, 0, 1, -0.2916031, -0.08223057, 0.17850208)
shape = SubResource("CylinderShape3D_0an4t")
debug_color = Color(0, 0.6, 0.69803923, 1)
debug_fill = false

[node name="Wasser2" parent="modular-cave-final/RegionWater3" unique_id=498596678 instance=ExtResource("3_xqtg2")]
transform = Transform3D(12.07, 0, 0, 0, 4.625, 0, 0, 0, 4.775, 1.358078, -0.1967107, 1.3060694)

[node name="FountainWithoutWall" parent="modular-cave-final/RegionWater3" unique_id=448202211 instance=ExtResource("6_hmamp")]
transform = Transform3D(4.74, 0, 0, 0, 4.74, 0, 0, 0, 4.74, -1.9821854, -0.7312846, 0.8848543)

[node name="RegionGravel" type="Area3D" parent="modular-cave-final" unique_id=841867833]
transform = Transform3D(1, 0, 0, 0, 1, 0, 0, 0, 1, 9.869, 0, 85.116)
script = ExtResource("2_ieofv")
surface_type = 1

[node name="CollisionShape3D" type="CollisionShape3D" parent="modular-cave-final/RegionGravel" unique_id=646101132]
shape = SubResource("BoxShape3D_gravel")
debug_color = Color(1, 1, 1, 0.47843137)

[node name="RegionGravel2" type="Area3D" parent="modular-cave-final" unique_id=2003866351]
transform = Transform3D(1, 0, 0, 0, 1, 0, 0, 0, 1, 71.361, 0, 86.847)
script = ExtResource("2_ieofv")
surface_type = 1

[node name="CollisionShape3D" type="CollisionShape3D" parent="modular-cave-final/RegionGravel2" unique_id=1723451335]
transform = Transform3D(1, 0, 0, 0, 1, 0, 0, 0, 1, 2.2571716, 0, -0.7846985)
shape = SubResource("BoxShape3D_uflyk")
debug_color = Color(1, 1, 1, 0.6431373)

[node name="RegionWood" type="Area3D" parent="modular-cave-final" unique_id=1616605137]
transform = Transform3D(1, 0, 0, 0, 1, 0, 0, 0, 1, 32.149, 0, 120.067)
script = ExtResource("2_ieofv")
surface_type = 3

[node name="CollisionShape3D" type="CollisionShape3D" parent="modular-cave-final/RegionWood" unique_id=1023882891]
shape = SubResource("BoxShape3D_wood")
debug_color = Color(0.41568628, 0.2, 0.043137256, 0.75686276)

[node name="Stick-Group-01" type="Node3D" parent="modular-cave-final/RegionWood" unique_id=1788970984]
transform = Transform3D(1, 0, 0, 0, 1, 0, 0, 0, 1, -0.60349274, 0, -11.791779)

[node name="Node3D" parent="modular-cave-final/RegionWood/Stick-Group-01" unique_id=287799818 instance=ExtResource("5_pe7kj")]
transform = Transform3D(1, 0, 0, 0, 1, 0, 0, 0, 1, -1.7789764, -0.04169169, 1.2072678)

[node name="Node3D2" parent="modular-cave-final/RegionWood/Stick-Group-01" unique_id=685750934 instance=ExtResource("6_cns11")]
transform = Transform3D(-0.41151434, 0, -0.9114033, 0, 1, 0, 0.9114033, 0, -0.41151434, -1.107254, -0.057620637, 0.2945404)

[node name="Node3D3" parent="modular-cave-final/RegionWood/Stick-Group-01" unique_id=1990993297 instance=ExtResource("7_dsb58")]
transform = Transform3D(-0.7325429, 0, -0.6807209, 0, 1, 0, 0.6807209, 0, -0.7325429, 0.18609238, -0.09331983, 0.688179)

[node name="Node3D4" parent="modular-cave-final/RegionWood/Stick-Group-01" unique_id=605569455 instance=ExtResource("8_noxxg")]
transform = Transform3D(1, 0, 0, 0, 1, 0, 0, 0, 1, -1.1429996, -0.093411766, 0.7331009)

[node name="Node3D5" parent="modular-cave-final/RegionWood/Stick-Group-01" unique_id=1181414846 instance=ExtResource("9_p25gm")]
transform = Transform3D(0.98027116, 0, 0.19765733, 0, 1, 0, -0.19765733, 0, 0.98027116, 0.47372818, -0.116767116, 0.18139648)

[node name="Node3D6" parent="modular-cave-final/RegionWood/Stick-Group-01" unique_id=1076731816 instance=ExtResource("10_lw7er")]
transform = Transform3D(-0.41151434, 0, -0.9114033, 0, 1, 0, 0.9114033, 0, -0.41151434, 1.3497314, -0.08621784, 1.1426697)

[node name="Node3D7" parent="modular-cave-final/RegionWood/Stick-Group-01" unique_id=2079069830 instance=ExtResource("10_lw7er")]
transform = Transform3D(0.9211854, 0, 0.38912395, 0, 1, 0, -0.38912395, 0, 0.9211854, -2.2592087, -0.11311924, 1.6693726)

[node name="Node3D8" parent="modular-cave-final/RegionWood/Stick-Group-01" unique_id=172338873 instance=ExtResource("9_p25gm")]
transform = Transform3D(-0.7325429, 0, -0.6807209, 0, 1, 0, 0.6807209, 0, -0.7325429, -1.0491982, -0.16649804, 1.714386)

[node name="Node3D9" parent="modular-cave-final/RegionWood/Stick-Group-01" unique_id=1372458356 instance=ExtResource("8_noxxg")]
transform = Transform3D(0.98027116, 0, 0.19765733, 0, 1, 0, -0.19765733, 0, 0.98027116, -0.34420013, -0.1283831, 1.3901749)

[node name="Node3D10" parent="modular-cave-final/RegionWood/Stick-Group-01" unique_id=1585362152 instance=ExtResource("7_dsb58")]
transform = Transform3D(-0.41151434, 0, -0.9114033, 0, 1, 0, 0.9114033, 0, -0.41151434, 0.255579, -0.14842403, 1.8558044)

[node name="Node3D11" parent="modular-cave-final/RegionWood/Stick-Group-01" unique_id=1726496339 instance=ExtResource("6_cns11")]
transform = Transform3D(-0.7325429, 0, -0.6807209, 0, 1, 0, 0.6807209, 0, -0.7325429, 1.3630714, -0.075855784, 1.4961014)

[node name="Node3D12" parent="modular-cave-final/RegionWood/Stick-Group-01" unique_id=969526849 instance=ExtResource("5_pe7kj")]
transform = Transform3D(-0.8535508, 0, -0.5210096, 0, 1, 0, 0.5210096, 0, -0.8535508, -0.8061905, -0.09398851, 2.1925125)

[node name="Node3D13" parent="modular-cave-final/RegionWood/Stick-Group-01" unique_id=1081907717 instance=ExtResource("5_pe7kj")]
transform = Transform3D(1, 0, 0, 0, 1, 0, 0, 0, 1, 0.6570015, -0.028533995, -1.3396683)

[node name="Node3D14" parent="modular-cave-final/RegionWood/Stick-Group-01" unique_id=1902722387 instance=ExtResource("6_cns11")]
transform = Transform3D(-0.7325429, 0, -0.6807209, 0, 1, 0, 0.6807209, 0, -0.7325429, -0.37010574, -0.10734779, -0.9852905)

[node name="Node3D15" parent="modular-cave-final/RegionWood/Stick-Group-01" unique_id=1182243061 instance=ExtResource("7_dsb58")]
transform = Transform3D(1, 0, 0, 0, 1, 0, 0, 0, 1, 0.62675476, -0.004295543, -0.3989563)

[node name="Node3D16" parent="modular-cave-final/RegionWood/Stick-Group-01" unique_id=1235063795 instance=ExtResource("8_noxxg")]
transform = Transform3D(0.98027116, 0, 0.19765733, 0, 1, 0, -0.19765733, 0, 0.98027116, -0.48978233, -0.09703949, -0.4108734)

[node name="Node3D17" parent="modular-cave-final/RegionWood/Stick-Group-01" unique_id=385164811 instance=ExtResource("9_p25gm")]
transform = Transform3D(0.9211854, 0, 0.38912395, 0, 1, 0, -0.38912395, 0, 0.9211854, 0.6091347, -0.02322404, -0.68413544)

[node name="Node3D18" parent="modular-cave-final/RegionWood/Stick-Group-01" unique_id=1993151654 instance=ExtResource("10_lw7er")]
transform = Transform3D(-0.8535508, 0, -0.5210096, 0, 1, 0, 0.5210096, 0, -0.8535508, -0.3458767, -0.03594385, -1.5136185)

[node name="Stick-Group-02" type="Node3D" parent="modular-cave-final/RegionWood" unique_id=1186246171]
transform = Transform3D(0.53245825, 0.10736241, -0.8396199, -0.19765733, 0.98027116, 0, 0.82305515, 0.16595702, 0.54317445, -0.8270397, -0.5024452, -8.030693)

[node name="Node3D" parent="modular-cave-final/RegionWood/Stick-Group-02" unique_id=844616797 instance=ExtResource("5_pe7kj")]
transform = Transform3D(0.999928, 0.011500597, -0.0034048855, -0.011439726, 0.99978316, 0.017400473, 0.003604263, -0.017360285, 0.9998429, -1.7506027, -0.18241692, 1.207264)

[node name="Node3D2" parent="modular-cave-final/RegionWood/Stick-Group-02" unique_id=1139368106 instance=ExtResource("6_cns11")]
transform = Transform3D(-0.41151434, 0, -0.9114033, 0, 1, 0, 0.9114033, 0, -0.41151434, -1.107254, -0.057620637, 0.2945404)

[node name="Node3D3" parent="modular-cave-final/RegionWood/Stick-Group-02" unique_id=594172807 instance=ExtResource("7_dsb58")]
transform = Transform3D(-0.7325429, 0, -0.6807209, 0, 1, 0, 0.6807209, 0, -0.7325429, 0.18609238, -0.09331983, 0.688179)

[node name="Node3D4" parent="modular-cave-final/RegionWood/Stick-Group-02" unique_id=1849267091 instance=ExtResource("8_noxxg")]
transform = Transform3D(1, -1.4901161e-08, 0, -1.4901161e-08, 1, 0, 0, 0, 1, -1.1390915, -0.11275864, 0.7330971)

[node name="Node3D5" parent="modular-cave-final/RegionWood/Stick-Group-02" unique_id=1511566382 instance=ExtResource("9_p25gm")]
transform = Transform3D(0.98027116, 0, 0.19765733, 0, 1, 0, -0.19765733, 0, 0.98027116, 0.47372818, -0.116767116, 0.18139648)

[node name="Node3D7" parent="modular-cave-final/RegionWood/Stick-Group-02" unique_id=1124028613 instance=ExtResource("10_lw7er")]
transform = Transform3D(0.9211854, -1.4901161e-08, 0.38912395, -7.450581e-09, 1, 0, -0.38912398, 0, 0.9211854, -2.2412262, -0.2022934, 1.6693687)

[node name="Node3D8" parent="modular-cave-final/RegionWood/Stick-Group-02" unique_id=2031013209 instance=ExtResource("9_p25gm")]
transform = Transform3D(-0.7325429, 0, -0.6807209, 0, 1, 0, 0.6807209, 0, -0.7325429, -1.0491982, -0.16649804, 1.714386)

[node name="Node3D9" parent="modular-cave-final/RegionWood/Stick-Group-02" unique_id=309638444 instance=ExtResource("8_noxxg")]
transform = Transform3D(0.9802712, -1.4901161e-08, 0.19765735, -7.450581e-09, 1, 0, -0.19765732, 0, 0.98027116, -0.3251419, -0.22288513, 1.3901787)

[node name="Node3D10" parent="modular-cave-final/RegionWood/Stick-Group-02" unique_id=2019289811 instance=ExtResource("7_dsb58")]
transform = Transform3D(-0.41151434, 0, -0.9114033, 0, 1, 0, 0.9114033, 0, -0.41151434, 0.255579, -0.14842403, 1.8558044)

[node name="Node3D12" parent="modular-cave-final/RegionWood/Stick-Group-02" unique_id=484842124 instance=ExtResource("5_pe7kj")]
transform = Transform3D(-0.85355073, -1.4901161e-08, -0.52100956, 1.4901161e-08, 1, 0, 0.5210097, 0, -0.8535508, -0.794014, -0.15436363, 2.1925125)

[node name="Node3D14" parent="modular-cave-final/RegionWood/Stick-Group-02" unique_id=673705332 instance=ExtResource("6_cns11")]
transform = Transform3D(-0.7325429, 0, -0.6807209, 0, 1, 0, 0.6807209, 0, -0.7325429, -0.37010574, -0.10734779, -0.9852905)

[node name="Node3D15" parent="modular-cave-final/RegionWood/Stick-Group-02" unique_id=1498989484 instance=ExtResource("7_dsb58")]
transform = Transform3D(1, 0, 0, 0, 1, 0, 0, 0, 1, 0.62675476, -0.004295543, -0.3989563)

[node name="Node3D16" parent="modular-cave-final/RegionWood/Stick-Group-02" unique_id=1061287066 instance=ExtResource("8_noxxg")]
transform = Transform3D(0.98027116, 0, 0.19765733, 0, 1, 0, -0.19765733, 0, 0.98027116, -0.48978233, -0.09703949, -0.4108734)

[node name="Node3D17" parent="modular-cave-final/RegionWood/Stick-Group-02" unique_id=1353194097 instance=ExtResource("9_p25gm")]
transform = Transform3D(0.9211854, 0, 0.38912395, 0, 1, 0, -0.38912395, 0, 0.9211854, 0.6091347, -0.02322404, -0.68413544)

[node name="Node3D18" parent="modular-cave-final/RegionWood/Stick-Group-02" unique_id=1079593647 instance=ExtResource("10_lw7er")]
transform = Transform3D(-0.8535508, 0, -0.5210096, 0, 1, 0, 0.5210096, 0, -0.8535508, -0.3458767, -0.0015020221, -1.5136185)

[node name="Stick-Group-03" type="Node3D" parent="modular-cave-final/RegionWood" unique_id=2137867332]
transform = Transform3D(0.6984153, 0, -0.71569276, 0, 1, 0, 0.71569276, 0, 0.6984153, -0.60349274, 0.17990053, 2.4946747)

[node name="Node3D" parent="modular-cave-final/RegionWood/Stick-Group-03" unique_id=659923312 instance=ExtResource("5_pe7kj")]
transform = Transform3D(1, 0, 0, 0, 1, 0, 0, 0, 1, -1.7789764, -0.23033419, 1.2072754)

[node name="Node3D2" parent="modular-cave-final/RegionWood/Stick-Group-03" unique_id=1710832225 instance=ExtResource("6_cns11")]
transform = Transform3D(-0.41151434, 0, -0.9114033, 0, 1, 0, 0.9114033, 0, -0.41151434, -1.107254, -0.15599918, 0.29454803)

[node name="Node3D3" parent="modular-cave-final/RegionWood/Stick-Group-03" unique_id=379708615 instance=ExtResource("7_dsb58")]
transform = Transform3D(-0.7325429, 0, -0.6807209, 0, 1, 0, 0.6807209, 0, -0.7325429, 0.18609619, -0.15648264, 0.688179)

[node name="Node3D4" parent="modular-cave-final/RegionWood/Stick-Group-03" unique_id=368215244 instance=ExtResource("8_noxxg")]
transform = Transform3D(1, 0, 0, 0, 1, 0, 0, 0, 1, -1.1429977, -0.17941508, 0.7330971)

[node name="Node3D5" parent="modular-cave-final/RegionWood/Stick-Group-03" unique_id=819952850 instance=ExtResource("9_p25gm")]
transform = Transform3D(0.98027116, 0, 0.1976574, 0, 1, 0, -0.1976574, 0, 0.98027116, 0.47372437, -0.17872435, 0.18140411)

[node name="Node3D6" parent="modular-cave-final/RegionWood/Stick-Group-03" unique_id=2134418826 instance=ExtResource("10_lw7er")]
transform = Transform3D(-0.41151434, 0, -0.9114033, 0, 1, 0, 0.9114033, 0, -0.41151434, 1.3497314, -0.13072672, 1.1426697)

[node name="Node3D7" parent="modular-cave-final/RegionWood/Stick-Group-03" unique_id=11329983 instance=ExtResource("10_lw7er")]
transform = Transform3D(0.9211854, 0, 0.38912392, 0, 1, 0, -0.38912392, 0, 0.9211854, -2.2592087, -0.27126765, 1.6693726)

[node name="Node3D8" parent="modular-cave-final/RegionWood/Stick-Group-03" unique_id=1401155629 instance=ExtResource("9_p25gm")]
transform = Transform3D(-0.7325429, 0, -0.6807209, 0, 1, 0, 0.6807209, 0, -0.7325429, -1.0491943, -0.25660226, 1.714386)

[node name="Node3D9" parent="modular-cave-final/RegionWood/Stick-Group-03" unique_id=782095563 instance=ExtResource("8_noxxg")]
transform = Transform3D(0.98027116, 0, 0.19765733, 0, 1, 0, -0.19765733, 0, 0.98027116, -0.34420013, -0.1283831, 1.3901749)

[node name="Node3D10" parent="modular-cave-final/RegionWood/Stick-Group-03" unique_id=294515066 instance=ExtResource("7_dsb58")]
transform = Transform3D(-0.41151434, 0, -0.9114033, 0, 1, 0, 0.9114033, 0, -0.41151434, 0.255579, -0.14842403, 1.8558044)

[node name="Node3D11" parent="modular-cave-final/RegionWood/Stick-Group-03" unique_id=1245121432 instance=ExtResource("6_cns11")]
transform = Transform3D(-0.7325429, 0, -0.6807209, 0, 1, 0, 0.6807209, 0, -0.7325429, 1.3630753, -0.14010143, 1.4961014)

[node name="Node3D12" parent="modular-cave-final/RegionWood/Stick-Group-03" unique_id=2035450425 instance=ExtResource("5_pe7kj")]
transform = Transform3D(-0.85355085, 0, -0.52100956, 0, 1, 0, 0.52100956, 0, -0.85355085, -0.8061905, -0.25311622, 2.1925125)

[node name="Node3D13" parent="modular-cave-final/RegionWood/Stick-Group-03" unique_id=840527997 instance=ExtResource("5_pe7kj")]
transform = Transform3D(1, 0, 0, 0, 1, 0, 0, 0, 1, 0.6570053, -0.24851793, -1.3396683)

[node name="Node3D14" parent="modular-cave-final/RegionWood/Stick-Group-03" unique_id=22761089 instance=ExtResource("6_cns11")]
transform = Transform3D(-0.7325429, 0, -0.6807209, 0, 1, 0, 0.6807209, 0, -0.7325429, -0.37010574, -0.10734779, -0.9852905)

[node name="Node3D15" parent="modular-cave-final/RegionWood/Stick-Group-03" unique_id=1996506796 instance=ExtResource("7_dsb58")]
transform = Transform3D(1, 0, 0, 0, 1, 0, 0, 0, 1, 0.62675476, -0.17078908, -0.3989563)

[node name="Node3D16" parent="modular-cave-final/RegionWood/Stick-Group-03" unique_id=101527314 instance=ExtResource("8_noxxg")]
transform = Transform3D(0.98027116, 0, 0.19765735, 0, 1, 0, -0.19765735, 0, 0.98027116, -0.48978424, -0.18139413, -0.4108734)

[node name="Node3D17" parent="modular-cave-final/RegionWood/Stick-Group-03" unique_id=948888888 instance=ExtResource("9_p25gm")]
transform = Transform3D(0.9211854, 0, 0.38912392, 0, 1, 0, -0.38912392, 0, 0.9211854, 0.60913086, -0.14772497, -0.6841278)

[node name="Node3D18" parent="modular-cave-final/RegionWood/Stick-Group-03" unique_id=16294581 instance=ExtResource("10_lw7er")]
transform = Transform3D(-0.85355085, 0, -0.52100956, 0, 1, 0, 0.52100956, 0, -0.85355085, -0.34587097, -0.16732238, -1.5136185)

[node name="Stick-Group-04" type="Node3D" parent="modular-cave-final/RegionWood" unique_id=1059564347]
transform = Transform3D(0.82609826, 0, 0.5635261, 0, 1, 0, -0.5635261, 0, 0.82609826, -0.60349274, 0.15481412, 8.095871)

[node name="Node3D" parent="modular-cave-final/RegionWood/Stick-Group-04" unique_id=1477272952 instance=ExtResource("5_pe7kj")]
transform = Transform3D(1, 0, 0, 0, 1, 0, 0, 0, 1, -1.7789764, -0.04169169, 1.2072678)

[node name="Node3D2" parent="modular-cave-final/RegionWood/Stick-Group-04" unique_id=1419016805 instance=ExtResource("6_cns11")]
transform = Transform3D(-0.41151434, 0, -0.9114033, 0, 1, 0, 0.9114033, 0, -0.41151434, -1.107254, -0.057620637, 0.2945404)

[node name="Node3D3" parent="modular-cave-final/RegionWood/Stick-Group-04" unique_id=29646337 instance=ExtResource("7_dsb58")]
transform = Transform3D(-0.7325429, 0, -0.6807209, 0, 1, 0, 0.6807209, 0, -0.7325429, 0.18609238, -0.09331983, 0.688179)

[node name="Node3D4" parent="modular-cave-final/RegionWood/Stick-Group-04" unique_id=1779275361 instance=ExtResource("8_noxxg")]
transform = Transform3D(1, 0, 0, 0, 1, 0, 0, 0, 1, -1.1429996, -0.093411766, 0.7331009)

[node name="Node3D5" parent="modular-cave-final/RegionWood/Stick-Group-04" unique_id=726659227 instance=ExtResource("9_p25gm")]
transform = Transform3D(0.98027116, 0, 0.19765733, 0, 1, 0, -0.19765733, 0, 0.98027116, 0.47372818, -0.116767116, 0.18139648)

[node name="Node3D6" parent="modular-cave-final/RegionWood/Stick-Group-04" unique_id=1404680528 instance=ExtResource("10_lw7er")]
transform = Transform3D(-0.41151434, 0, -0.9114033, 0, 1, 0, 0.9114033, 0, -0.41151434, 1.3497314, -0.08621784, 1.1426697)

[node name="Node3D7" parent="modular-cave-final/RegionWood/Stick-Group-04" unique_id=1255232161 instance=ExtResource("10_lw7er")]
transform = Transform3D(0.9211854, 0, 0.38912395, 0, 1, 0, -0.38912395, 0, 0.9211854, -2.2592087, -0.11311924, 1.6693726)

[node name="Node3D8" parent="modular-cave-final/RegionWood/Stick-Group-04" unique_id=1193206311 instance=ExtResource("9_p25gm")]
transform = Transform3D(-0.7325429, 0, -0.6807209, 0, 1, 0, 0.6807209, 0, -0.7325429, -1.0491982, -0.16649804, 1.714386)

[node name="Node3D9" parent="modular-cave-final/RegionWood/Stick-Group-04" unique_id=717457068 instance=ExtResource("8_noxxg")]
transform = Transform3D(0.98027116, 0, 0.19765733, 0, 1, 0, -0.19765733, 0, 0.98027116, -0.34420013, -0.1283831, 1.3901749)

[node name="Node3D10" parent="modular-cave-final/RegionWood/Stick-Group-04" unique_id=1557888274 instance=ExtResource("7_dsb58")]
transform = Transform3D(-0.41151434, 0, -0.9114033, 0, 1, 0, 0.9114033, 0, -0.41151434, 0.255579, -0.14842403, 1.8558044)

[node name="Node3D11" parent="modular-cave-final/RegionWood/Stick-Group-04" unique_id=187123324 instance=ExtResource("6_cns11")]
transform = Transform3D(-0.7325429, 0, -0.6807209, 0, 1, 0, 0.6807209, 0, -0.7325429, 1.3630714, -0.075855784, 1.4961014)

[node name="Node3D12" parent="modular-cave-final/RegionWood/Stick-Group-04" unique_id=12873970 instance=ExtResource("5_pe7kj")]
transform = Transform3D(-0.8535508, 0, -0.5210096, 0, 1, 0, 0.5210096, 0, -0.8535508, -0.8061905, -0.09398851, 2.1925125)

[node name="Node3D13" parent="modular-cave-final/RegionWood/Stick-Group-04" unique_id=1116134994 instance=ExtResource("5_pe7kj")]
transform = Transform3D(1, 0, 0, 0, 1, 0, 0, 0, 1, 0.6570053, -0.13588148, -1.3396759)

[node name="Node3D14" parent="modular-cave-final/RegionWood/Stick-Group-04" unique_id=270733333 instance=ExtResource("6_cns11")]
transform = Transform3D(-0.7325429, 0, -0.6807209, 0, 1, 0, 0.6807209, 0, -0.7325429, -0.37010574, -0.10734779, -0.9852905)

[node name="Node3D15" parent="modular-cave-final/RegionWood/Stick-Group-04" unique_id=22743586 instance=ExtResource("7_dsb58")]
transform = Transform3D(1, 0, 0, 0, 1, 0, 0, 0, 1, 0.62675476, -0.07335289, -0.39896393)

[node name="Node3D16" parent="modular-cave-final/RegionWood/Stick-Group-04" unique_id=1354385794 instance=ExtResource("8_noxxg")]
transform = Transform3D(0.98027116, 0, 0.19765733, 0, 1, 0, -0.19765733, 0, 0.98027116, -0.48978233, -0.09703949, -0.4108734)

[node name="Node3D17" parent="modular-cave-final/RegionWood/Stick-Group-04" unique_id=1295885864 instance=ExtResource("9_p25gm")]
transform = Transform3D(0.92118543, 0, 0.38912398, 0, 1, 0, -0.38912398, 0, 0.92118543, 0.60913086, -0.08127095, -0.68413544)

[node name="Node3D18" parent="modular-cave-final/RegionWood/Stick-Group-04" unique_id=1326105666 instance=ExtResource("10_lw7er")]
transform = Transform3D(-0.8535508, 0, -0.5210097, 0, 1, 0, 0.5210097, 0, -0.8535508, -0.34587097, -0.09645818, -1.5136261)

[node name="Stick-Group-05" type="Node3D" parent="modular-cave-final/RegionWood" unique_id=2109420296]
transform = Transform3D(1, 0, 0, 0, 0.995736, 0.09224894, 0, -0.09224894, 0.995736, -1.4688778, -0.5437647, -5.1910706)

[node name="Node3D" parent="modular-cave-final/RegionWood/Stick-Group-05" unique_id=637002012 instance=ExtResource("5_pe7kj")]
transform = Transform3D(0.97569925, 0.2181797, 0.020213034, -0.2181797, 0.9759061, -0.0022321567, -0.020213034, -0.0022321641, 0.9997933, -1.7789764, -0.28942585, 1.1843262)

[node name="Node3D2" parent="modular-cave-final/RegionWood/Stick-Group-05" unique_id=854937680 instance=ExtResource("6_cns11")]
transform = Transform3D(-0.41151434, 0, -0.9114033, 0, 1, -3.7252903e-09, 0.91140336, 0, -0.41151434, -1.107254, -0.17605305, 0.28356934)

[node name="Node3D3" parent="modular-cave-final/RegionWood/Stick-Group-05" unique_id=627979240 instance=ExtResource("7_dsb58")]
transform = Transform3D(-0.7325428, 0, -0.68072087, -0.08001018, 0.9930686, 0.086101204, 0.67600256, 0.11753741, -0.7274654, 0.18609238, -0.2088604, 0.677475)

[node name="Node3D4" parent="modular-cave-final/RegionWood/Stick-Group-05" unique_id=1429300642 instance=ExtResource("8_noxxg")]
transform = Transform3D(0.99564695, 0.092807315, 0.008598038, -0.09280733, 0.9956841, -0.00039985776, -0.008598038, -0.0003998503, 0.9999631, -1.1429996, -0.21673107, 0.7216797)

[node name="Node3D5" parent="modular-cave-final/RegionWood/Stick-Group-05" unique_id=1515745375 instance=ExtResource("9_p25gm")]
transform = Transform3D(0.98027116, 0, 0.19765733, 0, 1, 0, -0.19765733, 0, 0.98027116, 0.47372818, -0.116767116, 0.18139648)

[node name="Node3D6" parent="modular-cave-final/RegionWood/Stick-Group-05" unique_id=1103488305 instance=ExtResource("10_lw7er")]
transform = Transform3D(-0.41151434, 0, -0.9114033, -0.2116336, 0.9726667, 0.09555623, 0.8864916, 0.23220631, -0.40026626, 1.3497334, -0.19399548, 1.132698)

[node name="Node3D7" parent="modular-cave-final/RegionWood/Stick-Group-05" unique_id=1510844783 instance=ExtResource("10_lw7er")]
transform = Transform3D(0.9211854, 0, 0.38912395, 0, 1, 0, -0.38912395, 0, 0.9211854, -2.2592087, -0.11311924, 1.6693726)

[node name="Node3D8" parent="modular-cave-final/RegionWood/Stick-Group-05" unique_id=1775780353 instance=ExtResource("9_p25gm")]
transform = Transform3D(-0.7344821, -0.040238503, -0.6774341, -0.02952749, 0.9991902, -0.027336247, 0.6779854, -7.50348e-05, -0.7350755, -1.0491982, -0.4142332, 1.6914368)

[node name="Node3D9" parent="modular-cave-final/RegionWood/Stick-Group-05" unique_id=236781833 instance=ExtResource("8_noxxg")]
transform = Transform3D(0.9735674, -0.13606663, 0.18344615, 0.1335525, 0.9906993, 0.026049912, -0.18528455, -0.0008616671, 0.9826848, -0.33981514, -0.34578323, 1.3700333)

[node name="Node3D10" parent="modular-cave-final/RegionWood/Stick-Group-05" unique_id=1225508705 instance=ExtResource("7_dsb58")]
transform = Transform3D(-0.41914305, -0.1360666, -0.89766634, -0.056778684, 0.9906993, -0.123657, 0.9061432, -0.0008616671, -0.4229704, 0.251194, -0.28442955, 1.8432007)

[node name="Node3D11" parent="modular-cave-final/RegionWood/Stick-Group-05" unique_id=1347026560 instance=ExtResource("6_cns11")]
transform = Transform3D(-0.7325429, 0, -0.6807209, -0.16330914, 0.97079617, 0.17574152, 0.66084135, 0.23990613, -0.7111499, 1.3630695, -0.24444485, 1.480484)

[node name="Node3D12" parent="modular-cave-final/RegionWood/Stick-Group-05" unique_id=622502062 instance=ExtResource("5_pe7kj")]
transform = Transform3D(-0.8535508, 0, -0.5210096, -0.1377874, 0.9643962, 0.225732, 0.5024598, 0.26446226, -0.82316124, -0.8061905, -0.39746952, 2.1643982)

[node name="Node3D13" parent="modular-cave-final/RegionWood/Stick-Group-05" unique_id=191788471 instance=ExtResource("5_pe7kj")]
transform = Transform3D(1, 0, 0, 0, 1, 0, 0, 0, 1, 0.6570015, -0.028533995, -1.3396683)

[node name="Node3D14" parent="modular-cave-final/RegionWood/Stick-Group-05" unique_id=738390147 instance=ExtResource("6_cns11")]
transform = Transform3D(-0.7325429, 0, -0.6807209, 0, 1, 0, 0.6807209, 0, -0.7325429, -0.37010574, -0.10734779, -0.9852905)

[node name="Node3D15" parent="modular-cave-final/RegionWood/Stick-Group-05" unique_id=1084631001 instance=ExtResource("7_dsb58")]
transform = Transform3D(1, 0, 0, 0, 1, 0, 0, 0, 1, 0.62675476, -0.08989143, -0.40688324)

[node name="Node3D16" parent="modular-cave-final/RegionWood/Stick-Group-05" unique_id=1759543495 instance=ExtResource("8_noxxg")]
transform = Transform3D(0.98027116, 0, 0.19765733, 0, 1, 0, -0.19765735, 0, 0.98027116, -0.48978233, -0.14830971, -0.4156189)

[node name="Node3D17" parent="modular-cave-final/RegionWood/Stick-Group-05" unique_id=1828181739 instance=ExtResource("9_p25gm")]
transform = Transform3D(0.9211854, 0, 0.38912395, 0, 1, 0, -0.38912395, 0, 0.9211854, 0.6091347, -0.02322404, -0.68413544)

[node name="Node3D18" parent="modular-cave-final/RegionWood/Stick-Group-05" unique_id=504101755 instance=ExtResource("10_lw7er")]
transform = Transform3D(-0.8535508, 0, -0.5210096, 0, 1, 0, 0.5210096, 0, -0.8535508, -0.3458767, -0.0015020221, -1.5136185)

[node name="Stick-Group-06" type="Node3D" parent="modular-cave-final/RegionWood" unique_id=1416357553]
transform = Transform3D(1, 0, 0, 0, 0.96678776, 0.25558075, 0, -0.25558075, 0.96678776, -0.60349274, -0.21454322, -0.94260406)

[node name="Node3D" parent="modular-cave-final/RegionWood/Stick-Group-06" unique_id=1592191208 instance=ExtResource("5_pe7kj")]
transform = Transform3D(1, 0, 0, 0, 0.99999994, 0, 0, 0, 0.99999994, -1.7789764, -0.13065529, 1.1837463)

[node name="Node3D2" parent="modular-cave-final/RegionWood/Stick-Group-06" unique_id=1140516808 instance=ExtResource("6_cns11")]
transform = Transform3D(-0.41151434, 0, -0.9114033, 0, 1, 0, 0.9114033, 0, -0.41151434, -1.107254, -0.057620637, 0.2945404)

[node name="Node3D3" parent="modular-cave-final/RegionWood/Stick-Group-06" unique_id=515540926 instance=ExtResource("7_dsb58")]
transform = Transform3D(-0.7325429, 0, -0.6807209, 0, 1, 0, 0.6807209, 0, -0.7325429, 0.18609238, -0.09331983, 0.688179)

[node name="Node3D4" parent="modular-cave-final/RegionWood/Stick-Group-06" unique_id=1531216208 instance=ExtResource("8_noxxg")]
transform = Transform3D(1, 0, 0, 0, 1, 0, 0, 0, 1, -1.1429996, -0.093411766, 0.7331009)

[node name="Node3D5" parent="modular-cave-final/RegionWood/Stick-Group-06" unique_id=525302527 instance=ExtResource("9_p25gm")]
transform = Transform3D(0.98027116, 0, 0.19765733, 0, 1, 0, -0.19765733, 0, 0.98027116, 0.47372818, -0.116767116, 0.18139648)

[node name="Node3D6" parent="modular-cave-final/RegionWood/Stick-Group-06" unique_id=556721826 instance=ExtResource("10_lw7er")]
transform = Transform3D(-0.41151434, 0, -0.9114033, 0.13109447, 0.989601, -0.059191406, 0.90192574, -0.14383803, -0.40723506, 1.3497314, -0.3360653, 1.0821381)

[node name="Node3D7" parent="modular-cave-final/RegionWood/Stick-Group-06" unique_id=1440404608 instance=ExtResource("10_lw7er")]
transform = Transform3D(0.9211855, 0, 0.38912404, 0.09838193, 0.96751076, -0.2329026, -0.37648162, 0.2528293, 0.89125675, -2.2592087, -0.20402908, 1.6393661)

[node name="Node3D8" parent="modular-cave-final/RegionWood/Stick-Group-06" unique_id=344788107 instance=ExtResource("9_p25gm")]
transform = Transform3D(-0.7325429, 0, -0.6807209, 0, 1, 0, 0.6807209, 0, -0.7325429, -1.0491982, -0.16649804, 1.714386)

[node name="Node3D9" parent="modular-cave-final/RegionWood/Stick-Group-06" unique_id=908738718 instance=ExtResource("8_noxxg")]
transform = Transform3D(0.98027116, 0, 0.19765733, 0, 1, 0, -0.19765733, 0, 0.98027116, -0.34420013, -0.1283831, 1.3901749)

[node name="Node3D10" parent="modular-cave-final/RegionWood/Stick-Group-06" unique_id=464039935 instance=ExtResource("7_dsb58")]
transform = Transform3D(-0.41151434, 0, -0.9114033, -0.23042947, 0.96751064, 0.10404289, 0.8817924, 0.25282928, -0.39814454, 0.255579, -0.28531456, 1.8108063)

[node name="Node3D11" parent="modular-cave-final/RegionWood/Stick-Group-06" unique_id=625225484 instance=ExtResource("6_cns11")]
transform = Transform3D(-0.7325429, 0, -0.6807209, -0.07558409, 0.9938163, 0.08133816, 0.67651147, 0.11103527, -0.7280131, 1.3630714, -0.3249359, 1.4225693)

[node name="Node3D12" parent="modular-cave-final/RegionWood/Stick-Group-06" unique_id=125277458 instance=ExtResource("5_pe7kj")]
transform = Transform3D(-0.8535508, 0, -0.5210096, -0.13172653, 0.96751076, 0.21580268, 0.5040824, 0.2528293, -0.8258197, -0.8061905, -0.31778336, 2.1503448)

[node name="Node3D13" parent="modular-cave-final/RegionWood/Stick-Group-06" unique_id=736140669 instance=ExtResource("5_pe7kj")]
transform = Transform3D(1, 0, 0, 0, 1, 0, 0, 0, 1, 0.6570015, -0.028533995, -1.3396683)

[node name="Node3D14" parent="modular-cave-final/RegionWood/Stick-Group-06" unique_id=898005493 instance=ExtResource("6_cns11")]
transform = Transform3D(-0.7325429, 0, -0.6807209, 0, 1, 0, 0.6807209, 0, -0.7325429, -0.37010574, -0.10734779, -0.9852905)

[node name="Node3D15" parent="modular-cave-final/RegionWood/Stick-Group-06" unique_id=75118596 instance=ExtResource("7_dsb58")]
transform = Transform3D(1, 0, 0, 0, 1, 0, 0, 0, 1, 0.62675476, -0.004295543, -0.3989563)

[node name="Node3D16" parent="modular-cave-final/RegionWood/Stick-Group-06" unique_id=1755501830 instance=ExtResource("8_noxxg")]
transform = Transform3D(0.98027116, 0, 0.19765733, 0, 1, 0, -0.19765733, 0, 0.98027116, -0.48978233, -0.09703949, -0.4108734)

[node name="Node3D17" parent="modular-cave-final/RegionWood/Stick-Group-06" unique_id=2029437689 instance=ExtResource("9_p25gm")]
transform = Transform3D(0.9211854, 0, 0.38912395, 0, 1, 0, -0.38912395, 0, 0.9211854, 0.6091347, -0.02322404, -0.68413544)

[node name="Node3D18" parent="modular-cave-final/RegionWood/Stick-Group-06" unique_id=95962088 instance=ExtResource("10_lw7er")]
transform = Transform3D(-0.8535508, 0, -0.5210096, -1.4901161e-08, 0.99999994, 1.4901161e-08, 0.5210096, 0, -0.8535508, -0.3458767, -0.09166527, -1.5374527)

