[gd_scene format=3 uid="uid://f7of5cgi0hou"]

[ext_resource type="Script" uid="uid://brjdpp3vab0uk" path="res://network/testEnvironment/World.gd" id="1_5nbxc"]
[ext_resource type="Environment" uid="uid://bixn4bbcuffnd" path="res://environments/debug_env.tres" id="3_5nbxc"]
[ext_resource type="PackedScene" uid="uid://jkgmdgtn5ei" path="res://network/testEnvironment/wall.tscn" id="3_8rd3g"]
[ext_resource type="Script" uid="uid://ca5umlvtvh4el" path="res://network/scripts/Map.gd" id="4_5nbxc"]
[ext_resource type="PackedScene" uid="uid://c8liybxhqrhwr" path="res://network/testEnvironment/map.tscn" id="4_uw1st"]

[sub_resource type="BoxShape3D" id="BoxShape3D_f3sb7"]
size = Vector3(60, 2, 60)

[sub_resource type="BoxMesh" id="BoxMesh_fj7yv"]
size = Vector3(60, 2, 60)

[sub_resource type="StandardMaterial3D" id="StandardMaterial3D_8i81k"]
albedo_color = Color(0.39837635, 0.39837638, 0.39837635, 1)

[node name="World" type="Node3D" unique_id=740440789]
script = ExtResource("1_5nbxc")

[node name="WorldEnvironment" type="WorldEnvironment" parent="." unique_id=658407793]
environment = ExtResource("3_5nbxc")

[node name="DirectionalLight3D" type="DirectionalLight3D" parent="." unique_id=233421186]
transform = Transform3D(-0.8660254, -0.43301278, 0.25, 0, 0.49999997, 0.86602545, -0.50000006, 0.75, -0.43301266, 0, 0, 0)
shadow_enabled = true

[node name="MultiplayerSpawner" type="MultiplayerSpawner" parent="." unique_id=1617664168]
_spawnable_scenes = PackedStringArray("uid://cu5gtk0ybh744", "uid://deefor15sgl47")
spawn_path = NodePath("..")

[node name="Map" parent="." unique_id=1910157186 node_paths=PackedStringArray("spawn_exit_door_points", "spawn_minigame_items_points") instance=ExtResource("4_uw1st")]
transform = Transform3D(1, 0, 0, 0, 1, 0, 0, 0, 1, -0.05455017, -0.051441193, 0.38429642)
script = ExtResource("4_5nbxc")
spawn_exit_door_points = NodePath("ExitsSpawnPoints")
spawn_minigame_items_points = NodePath("MinigameItemsSpawnPoints")

[node name="PlayerSpawnPoints" type="Node3D" parent="Map" unique_id=902470412]

[node name="1" type="Marker3D" parent="Map/PlayerSpawnPoints" unique_id=356586588]
transform = Transform3D(-0.41478854, 0, 0.9099178, 0, 1, 0, -0.9099178, 0, -0.41478854, -33.615265, 3.6327908, 41.029694)

[node name="2" type="Marker3D" parent="Map/PlayerSpawnPoints" unique_id=1094700891]
transform = Transform3D(1, 0, 0, 0, 1, 0, 0, 0, 1, 72.02018, 3.4064312, -8.714355)

[node name="3" type="Marker3D" parent="Map/PlayerSpawnPoints" unique_id=220206964]
transform = Transform3D(1, 0, 0, 0, 1, 0, 0, 0, 1, 3.974022, 2.3833568, -43.272728)

[node name="4" type="Marker3D" parent="Map/PlayerSpawnPoints" unique_id=670691903]
transform = Transform3D(1, 0, 0, 0, 1, 0, 0, 0, 1, -69.42361, -1.063669, -2.6034832)

[node name="5" type="Marker3D" parent="Map/PlayerSpawnPoints" unique_id=540370818]
transform = Transform3D(1, 0, 0, 0, 1, 0, 0, 0, 1, 36.444786, 2.6206894, -1.4816298)

[node name="ExitsSpawnPoints" type="Node3D" parent="Map" unique_id=1588001583]

[node name="1" type="Marker3D" parent="Map/ExitsSpawnPoints" unique_id=527565717]
transform = Transform3D(1, 0, 0, 0, 1, 0, 0, 0, 1, 3.704548, 1.2373495, 33.84215)

[node name="2" type="Marker3D" parent="Map/ExitsSpawnPoints" unique_id=1536906986]
transform = Transform3D(1, 0, 0, 0, 1, 0, 0, 0, 1, -21.567677, 1.2373495, -6.792183)

[node name="3" type="Marker3D" parent="Map/ExitsSpawnPoints" unique_id=1743314264]
transform = Transform3D(1, 0, 0, 0, 1, 0, 0, 0, 1, 21.954456, 1.2373495, -6.305378)

[node name="4" type="Marker3D" parent="Map/ExitsSpawnPoints" unique_id=200345702]
transform = Transform3D(1, 0, 0, 0, 1, 0, 0, 0, 1, 46.635197, 1.2373495, 0.9520836)

[node name="MinigameItemsSpawnPoints" type="Node3D" parent="Map" unique_id=2002126102]

[node name="1" type="Marker3D" parent="Map/MinigameItemsSpawnPoints" unique_id=882341337]
transform = Transform3D(1, 0, 0, 0, 1, 0, 0, 0, 1, 3.704548, -0.016789317, 3.3790245)

[node name="2" type="Marker3D" parent="Map/MinigameItemsSpawnPoints" unique_id=1834788426]
transform = Transform3D(1, 0, 0, 0, 1, 0, 0, 0, 1, 11.210148, -0.009746313, -7.21092)

[node name="3" type="Marker3D" parent="Map/MinigameItemsSpawnPoints" unique_id=1693905207]
transform = Transform3D(1, 0, 0, 0, 1, 0, 0, 0, 1, 9.319908, 0.4043694, -35.31317)

[node name="4" type="Marker3D" parent="Map/MinigameItemsSpawnPoints" unique_id=1324172882]
transform = Transform3D(1, 0, 0, 0, 1, 0, 0, 0, 1, 55.35436, -0.16993558, -24.329632)

[node name="5" type="Marker3D" parent="Map/MinigameItemsSpawnPoints" unique_id=1231849560]
transform = Transform3D(1, 0, 0, 0, 1, 0, 0, 0, 1, 47.34345, -0.00046527386, -24.329632)

[node name="6" type="Marker3D" parent="Map/MinigameItemsSpawnPoints" unique_id=1672791584]
transform = Transform3D(1, 0, 0, 0, 1, 0, 0, 0, 1, 45.73632, 0.41922688, -34.51522)

[node name="7" type="Marker3D" parent="Map/MinigameItemsSpawnPoints" unique_id=111675392]
transform = Transform3D(1, 0, 0, 0, 1, 0, 0, 0, 1, 20.284666, 0.27052873, -34.51522)

[node name="8" type="Marker3D" parent="Map/MinigameItemsSpawnPoints" unique_id=765446666]
transform = Transform3D(1, 0, 0, 0, 1, 0, 0, 0, 1, -10.296429, 0.20090967, -34.51522)

[node name="9" type="Marker3D" parent="Map/MinigameItemsSpawnPoints" unique_id=2116740005]
transform = Transform3D(1, 0, 0, 0, 1, 0, 0, 0, 1, -26.546705, 0.17715693, -32.613693)

[node name="10" type="Marker3D" parent="Map/MinigameItemsSpawnPoints" unique_id=589658560]
transform = Transform3D(1, 0, 0, 0, 1, 0, 0, 0, 1, -43.485764, 0.07378283, -33.7705)

[node name="11" type="Marker3D" parent="Map/MinigameItemsSpawnPoints" unique_id=655093164]
transform = Transform3D(1, 0, 0, 0, 1, 0, 0, 0, 1, -43.485764, 0.46758813, -18.079437)

[node name="12" type="Marker3D" parent="Map/MinigameItemsSpawnPoints" unique_id=492566588]
transform = Transform3D(0.9993873, -0.0134671815, -0.032304674, 0.012004331, 0.9989123, -0.045057468, 0.032876328, 0.04464207, 0.99846196, -52.104916, 0.40333176, -12.342633)

[node name="13" type="Marker3D" parent="Map/MinigameItemsSpawnPoints" unique_id=494189330]
transform = Transform3D(0.9993873, -0.0134671815, -0.032304674, 0.012004331, 0.9989123, -0.045057468, 0.032876328, 0.04464207, 0.99846196, -57.367893, 1.2373495, -4.872033)

[node name="14" type="Marker3D" parent="Map/MinigameItemsSpawnPoints" unique_id=1044372040]
transform = Transform3D(0.9993873, -0.0134671815, -0.032304674, 0.012004331, 0.9989123, -0.045057468, 0.032876328, 0.04464207, 0.99846196, -41.984688, 0.55306983, 6.090987)

[node name="15" type="Marker3D" parent="Map/MinigameItemsSpawnPoints" unique_id=1749946526]
transform = Transform3D(0.9993873, -0.0134671815, -0.032304674, 0.012004331, 0.9989123, -0.045057468, 0.032876328, 0.04464207, 0.99846196, -33.213406, 0.3319558, 1.4909582)

[node name="16" type="Marker3D" parent="Map/MinigameItemsSpawnPoints" unique_id=377959281]
transform = Transform3D(0.9993873, -0.0134671815, -0.032304674, 0.012004331, 0.9989123, -0.045057468, 0.032876328, 0.04464207, 0.99846196, -20.02413, 0.65582204, 15.867638)

[node name="17" type="Marker3D" parent="Map/MinigameItemsSpawnPoints" unique_id=147537707]
transform = Transform3D(0.9993873, -0.0134671815, -0.032304674, 0.012004331, 0.9989123, -0.045057468, 0.032876328, 0.04464207, 0.99846196, 16.895868, 0.06561577, 16.40624)

[node name="18" type="Marker3D" parent="Map/MinigameItemsSpawnPoints" unique_id=1540512314]
transform = Transform3D(0.9993873, -0.0134671815, -0.032304674, 0.012004331, 0.9989123, -0.045057468, 0.032876328, 0.04464207, 0.99846196, 6.2133884, 1.2373495, 22.257753)

[node name="19" type="Marker3D" parent="Map/MinigameItemsSpawnPoints" unique_id=1254875191]
transform = Transform3D(0.9993873, -0.0134671815, -0.032304674, 0.012004331, 0.9989123, -0.045057468, 0.032876328, 0.04464207, 0.99846196, 29.098154, 0.4815538, 24.088358)

[node name="20" type="Marker3D" parent="Map/MinigameItemsSpawnPoints" unique_id=176156732]
transform = Transform3D(0.9993873, -0.0134671815, -0.032304674, 0.012004331, 0.9989123, -0.045057468, 0.032876328, 0.04464207, 0.99846196, 46.47676, 0.45247632, 24.088358)

[node name="21" type="Marker3D" parent="Map/MinigameItemsSpawnPoints" unique_id=1667359082]
transform = Transform3D(0.9993873, -0.0134671815, -0.032304674, 0.012004331, 0.9989123, -0.045057468, 0.032876328, 0.04464207, 0.99846196, 55.985218, 0.0597378, 16.598993)

[node name="22" type="Marker3D" parent="Map/MinigameItemsSpawnPoints" unique_id=2102607305]
transform = Transform3D(0.9993873, -0.0134671815, -0.032304674, 0.012004331, 0.9989123, -0.045057468, 0.032876328, 0.04464207, 0.99846196, 55.595043, 0.57117045, -0.040166855)

[node name="TestMap" type="StaticBody3D" parent="." unique_id=146694575]
transform = Transform3D(1, 0, 0, 0, 1, 0, 0, 0, 1, 0, -1, -120)

[node name="CollisionShape3D" type="CollisionShape3D" parent="TestMap" unique_id=1998305632]
shape = SubResource("BoxShape3D_f3sb7")

[node name="MeshInstance3D" type="MeshInstance3D" parent="TestMap" unique_id=726430240]
transform = Transform3D(1, 0, 0, 0, 1, 0, 0, 0, 1, 0.01335907, -1.9073486e-06, -0.04057312)
mesh = SubResource("BoxMesh_fj7yv")
surface_material_override/0 = SubResource("StandardMaterial3D_8i81k")

[node name="Walls" type="Node3D" parent="TestMap" unique_id=950041734]
transform = Transform3D(1, 0, 0, 0, 1, 0, 0, 0, 1, 0, 1, 0)

[node name="Wall6" parent="TestMap/Walls" unique_id=1735437496 instance=ExtResource("3_8rd3g")]
transform = Transform3D(1, 0, 0, 0, 1, 0, 0, 0, 1, -3, 3, -5)

[node name="Wall" parent="TestMap/Walls" unique_id=869418490 instance=ExtResource("3_8rd3g")]
transform = Transform3D(1, 0, 0, 0, 1, 0, 0, 0, 1, 3, 3, -5)

[node name="Wall3" parent="TestMap/Walls" unique_id=1810926040 instance=ExtResource("3_8rd3g")]
transform = Transform3D(-4.371139e-08, 0, -1, 0, 1, 0, 1, 0, -4.371139e-08, -5.875, 3, -1.875)

[node name="Wall5" parent="TestMap/Walls" unique_id=2029950835 instance=ExtResource("3_8rd3g")]
transform = Transform3D(4.371139e-08, -3.821371e-15, 1, -8.742278e-08, -1, 0, 1, -8.742278e-08, -4.371139e-08, 5.875, 3, -1.863832)

[node name="Wall4" parent="TestMap/Walls" unique_id=1163282660 instance=ExtResource("3_8rd3g")]
transform = Transform3D(1, 0, 0, 0, -4.371139e-08, 1, 0, -1, -4.371139e-08, -2.7438502, 6.125, -1.8755774)

[node name="Wall2" parent="TestMap/Walls" unique_id=790066674 instance=ExtResource("3_8rd3g")]
transform = Transform3D(1, 0, 0, 0, 1, 0, 0, 0, 1, 0, 3, 3.124847)

[node name="Wall7" parent="TestMap/Walls" unique_id=1889634672 instance=ExtResource("3_8rd3g")]
transform = Transform3D(-4.371139e-08, 0, -1, 0, 1, 0, 1, 0, -4.371139e-08, -5.875, 3, 4.120131)

[node name="Wall8" parent="TestMap/Walls" unique_id=1019045614 instance=ExtResource("3_8rd3g")]
transform = Transform3D(1, 0, 0, 0, 1, 0, 0, 0, 1, -3, 3, 7.253154)

[node name="Wall9" parent="TestMap/Walls" unique_id=940145892 instance=ExtResource("3_8rd3g")]
transform = Transform3D(1, 0, 0, 0, 1, 0, 0, 0, 1, 3, 5.0406575, 7.253154)

[node name="Wall10" parent="TestMap/Walls" unique_id=626136069 instance=ExtResource("3_8rd3g")]
transform = Transform3D(4.371139e-08, -3.821371e-15, 1, -8.742278e-08, -1, 0, 1, -8.742278e-08, -4.371139e-08, 5.875, 3, 4.1482687)

[node name="Wall11" parent="TestMap/Walls" unique_id=251551978 instance=ExtResource("3_8rd3g")]
transform = Transform3D(1, 0, 0, 0, -4.371139e-08, 1, 0, -1, -4.371139e-08, 2.877009, 6.125002, 4.325274)

[node name="Wall12" parent="TestMap/Walls" unique_id=1341703343 instance=ExtResource("3_8rd3g")]
transform = Transform3D(1, 0, 0, 0, -4.371139e-08, 1, 0, -1, -4.371139e-08, 2.877009, 6.125002, -1.7142477)

[node name="Wall13" parent="TestMap/Walls" unique_id=1069381522 instance=ExtResource("3_8rd3g")]
transform = Transform3D(1, 0, 0, 0, -4.371139e-08, 1, 0, -1, -4.371139e-08, -2.8092408, 6.125003, 4.081649)
